   26
   58
   39
   91
   87
   11
   63
   55
   49
   41
   45
   66
   76
   71
   47
   61
    6
   82
   95
   72
    5
   44
   48
   53
   57
   77
   21
   12
   92
    8
    7
   60
   22
    3
  100
   10
   81
   75
   98
   42
   16
   94
   67
   17
    4
   29
   38
   88
   27
   46
   23
   97
   73
   89
   96
   14
   74
   25
   51
   65
   31
   30
    9
   24
   18
   54
   84
   40
   99
   43
   90
   80
   83
   64
   68
   56
   78
   15
   62
   19
   70
   33
   20
   32
   79
   52
   85
   50
    1
   37
   13
   36
   69
   34
   59
   86
   28
   35
   93
    2
   26
